BaselineInfo:
  WebDBID: -1
  TimeStamp: 20220510155009
Version:
  Major: 10
  Minor: 2
  Build: 1001
  SpecialBuildName: ""
  ptArchitecture: armv7l_linux
Results:
  Results Complete: true
  NumTestProcesses: 4
  CPU_INTEGER_MATH: 2330.6223333333332
  CPU_FLOATINGPOINT_MATH: 1216.9315950256928
  CPU_PRIME: 0.7131860573407578
  CPU_SORTING: 1066.0413985518221
  CPU_ENCRYPTION: 144.03781623179134
  CPU_COMPRESSION: 11031.731392946431
  CPU_SINGLETHREAD: 285.20395266073064
  CPU_PHYSICS: 43.298493581804152
  CPU_MATRIX_MULT_SSE: 159.54589513646204
  CPU_mm: 77.286295871626706
  CPU_sse: 137.64848254610084
  CPU_fma: 181.44330772682321
  CPU_avx: 0
  CPU_avx512: 0
  m_CPU_enc_SHA: 159678797.50090694
  m_CPU_enc_AES: 164596812.41748393
  m_CPU_enc_ECDSA: 128828181.6608097
  ME_ALLOC_S: 0
  ME_READ_S: 0
  ME_READ_L: 0
  ME_WRITE: 0
  ME_LARGE: 0
  ME_LATENCY: 0
  ME_THREADED: 0
  SUMM_CPU: 439.1035882207413
  SUMM_ME: 0
SystemInformation:
  OSName: Raspbian GNU/Linux 11 (bullseye)
  Kernel: 5.15.32-v7+
  Device: Raspberry Pi 3 Model B Plus Rev 1.3
  Processor: ARM Cortex-A53 4 Core 1400 MHz
  NumSockets: 1
  Manufacturer: ARM
  NumCores: 4
  NumLogicals: 4
  CPUFrequency: 1400
  Memory: 923
Checksum: EFDB018F078A0BD673D59482228E6B7A5232CDE8